=======================================================================================

初级2、3 排序算法
初级 4-1 14 螺旋打印矩阵
进阶4-1 89 大楼轮廓
进阶6 跳表
进阶8 数组累加和问题
高频:13-1 分糖果问题

至7.26AC题目

1,2,3,4,5,7,8,10,11,14,15,17,19,20,21,22,23,26,28,29,32,33,34,38,41,42,44,46,48,49,50,53,54,55,56,59,60,61,62,63,64,66,67,69,70,72,75,76,78,79,84,85,93,94,97,98,101,102,103,104,105,115,116,118,121,124,125,128,132,136,138,139,140,141,144,145,146,148,149,150,152,155,160,162,166,169,171,174,179,189,191,198,200,202,206,207,208,212,214,215,221,227,234,236,237,238,239,240,279,283,287,295,297,300,315,322,324,329,334,341,344,347,350,380,384,395,412,454,516,647



重点
s1 & s2 & s3 & s4 (35)
[1, 17, 20, 21, 46, 53, 62, 70, 78, 79, 94, 101, 104, 121, 136, 139, 141, 155, 160, 169, 198, 200, 206, 208, 215, 234, 236, 238, 240, 279, 283, 287, 300, 322, 347]

=======================================================================================

cyc-177
[1, 9, 17, 19, 20, 21, 24, 34, 37, 39, 40, 46, 47, 51, 53, 62, 64, 67, 69, 70, 72, 75, 77, 78, 79, 83, 88, 90, 91, 93, 94, 101, 104, 108, 109, 110, 111, 112, 121, 122, 123, 127, 128, 130, 131, 136, 139, 141, 144, 145, 153, 155, 160, 167, 168, 169, 172, 188, 190, 198, 200, 204, 205, 206, 207, 208, 210, 213, 215, 216, 217, 225, 226, 230, 231, 232, 234, 235, 236, 238, 240, 241, 242, 257, 260, 268, 278, 279, 279, 283, 287, 300, 303, 309, 318, 322, 326, 328, 337, 338, 342, 343, 345, 347, 367, 371, 376, 377, 378, 392, 404, 405, 406, 409, 413, 415, 416, 417, 435, 437, 442, 445, 448, 451, 452, 455, 461, 462, 474, 476, 485, 494, 501, 503, 504, 513, 524, 530, 535, 540, 543, 547, 565, 566, 572, 583, 594, 605, 617, 628, 633, 637, 645, 646, 647, 650, 653, 665, 667, 669, 671, 677, 680, 684, 687, 693, 695, 696, 697, 714, 725, 739, 744, 763, 766, 769, 785]


h2pl-149
[1, 9, 17, 20, 21, 37, 39, 40, 46, 47, 51, 53, 62, 64, 67, 69, 70, 72, 77, 78, 79, 83, 88, 90, 91, 93, 94, 101, 104, 108, 110, 111, 112, 121, 122, 123, 130, 131, 136, 139, 141, 144, 145, 155, 160, 167, 169, 172, 188, 190, 198, 200, 204, 205, 206, 208, 213, 215, 225, 226, 230, 231, 232, 234, 235, 236, 238, 240, 241, 242, 257, 260, 279, 283, 287, 300, 303, 309, 318, 322, 326, 328, 337, 338, 342, 343, 345, 347, 367, 371, 376, 377, 378, 389, 392, 404, 405, 406, 409, 413, 415, 416, 417, 437, 441, 442, 448, 452, 455, 461, 462, 474, 476, 494, 496, 501, 503, 504, 513, 524, 530, 535, 540, 543, 547, 572, 583, 594, 605, 617, 628, 633, 637, 645, 646, 647, 650, 653, 665, 669, 671, 677, 680, 687, 693, 695, 696, 739, 763]

top100liked-100
[1, 2, 3, 4, 5, 10, 11, 15, 17, 19, 20, 21, 22, 23, 31, 32, 33, 34, 39, 42, 46, 48, 49, 53, 55, 56, 62, 64, 70, 72, 75, 76, 78, 79, 84, 85, 94, 96, 98, 101, 102, 104, 105, 114, 121, 124, 128, 136, 139, 141, 142, 146, 148, 152, 155, 160, 169, 198, 200, 206, 207, 208, 215, 221, 226, 234, 236, 238, 239, 240, 253, 279, 283, 287, 297, 300, 301, 309, 312, 322, 337, 338, 347, 394, 406, 416, 437, 438, 448, 461, 494, 538, 543, 560, 572, 581, 617, 621, 647, 771]

topinteview-145
[1, 2, 3, 4, 5, 7, 8, 10, 11, 13, 14, 15, 17, 19, 20, 21, 22, 23, 26, 28, 29, 33, 34, 36, 38, 41, 42, 44, 46, 48, 49, 50, 53, 54, 55, 56, 62, 66, 69, 70, 73, 75, 76, 78, 79, 84, 88, 91, 94, 98, 101, 102, 103, 104, 105, 108, 116, 118, 121, 122, 124, 125, 127, 128, 130, 131, 134, 136, 138, 139, 140, 141, 146, 148, 149, 150, 152, 155, 160, 162, 163, 166, 169, 171, 172, 179, 189, 190, 191, 198, 200, 202, 204, 206, 207, 208, 210, 212, 215, 217, 218, 227, 230, 234, 236, 237, 238, 239, 240, 242, 251, 253, 268, 269, 277, 279, 283, 285, 287, 289, 295, 297, 300, 308, 315, 322, 324, 326, 328, 329, 334, 340, 341, 344, 347, 348, 350, 371, 378, 380, 384, 387, 395, 412, 454]

=========================================================================================
s1 & s3 (57)
[1, 17, 19, 20, 21, 543, 34, 39, 46, 53, 572, 62, 64, 70, 72, 75, 78, 79, 94, 101, 104, 617, 121, 128, 647, 136, 139, 141, 155, 160, 169, 198, 200, 206, 207, 208, 215, 226, 234, 236, 238, 240, 279, 283, 287, 300, 309, 322, 337, 338, 347, 406, 416, 437, 448, 461, 494]


s1 & s4 (60)
[1, 17, 19, 20, 21, 34, 46, 53, 62, 69, 70, 75, 78, 79, 88, 91, 94, 101, 104, 108, 121, 122, 127, 128, 130, 131, 136, 139, 141, 155, 160, 169, 172, 190, 198, 200, 204, 206, 207, 208, 210, 215, 217, 230, 234, 236, 238, 240, 242, 268, 279, 283, 287, 300, 322, 326, 328, 347, 371, 378]



s3 - s4 (33)
[538, 31, 543, 32, 39, 560, 572, 64, 581, 72, 85, 96, 617, 621, 114, 647, 142, 221, 226, 771, 301, 309, 312, 337, 338, 394, 406, 416, 437, 438, 448, 461, 494]


s4 - s3 (78)
[7, 8, 13, 14, 26, 28, 29, 36, 38, 41, 44, 50, 54, 66, 69, 73, 88, 91, 103, 108, 116, 118, 122, 125, 127, 130, 131, 134, 138, 140, 149, 150, 162, 163, 166, 171, 172, 179, 189, 190, 191, 202, 204, 210, 212, 217, 218, 227, 230, 237, 242, 251, 268, 269, 277, 285, 289, 295, 308, 315, 324, 326, 328, 329, 334, 340, 341, 344, 348, 350, 371, 378, 380, 384, 387, 395, 412, 454]